[manaf16.jpg]
filters=tilt=1,0.952492,0.000000;redeye=1;
moddate=00f33ef4b88dd501
width=1321
height=1762
textactive=0
[a6.jpg]
filters=crop64=1,4cf505ddb599f8ea;
crop=rect64(4cf505ddb599f8ea)
moddate=005e2dc3f196d501
width=1600
height=1048
textactive=0
